0 0.157308929013109 0.113851811495505
0.25 0.149394014345783 0.0990329610460365
0.5 0.121197130843433 0.0846499591391991
0.75 0.104130596092011 0.0769136475074911
1 0.0833539450902795 0.0746663034595478
1.25 0.0831066040069255 0.068523563061836
1.5 0.0687608211723967 0.0624216834649959
1.75 0.103635913925303 0.0549577771724326
2 0.10091516200841 0.0583083628439117
2.25 0.0615879297551323 0.0516752928357396
2.5 0.0440267128370022 0.0436938163988014
2.75 0.036111798169676 0.038450013620267
3 0.0321543408360129 0.0366385181149551
3.25 0.0291862478357655 0.0352764914192318
3.5 0.031659658669305 0.0349768455461727
3.75 0.0233772693359861 0.0347839180846258
4 0.0232500618352708 0.0374300150211662
4.25 0.022508038585209 0.0483383274312177
4.5 0.0375958446697997 0.0651593571233996
4.75 0.063071976255256 0.0792699536910923
5 0.0497090203685742 0.0999085621396459
5.25 0.0649854510184287 0.143303446699347
5.5 0.117377681369005 0.252987689819391
5.75 0.184863822607857 0.277937936401802
6 0.146606018194542 0.289094266621056
6.25 0.203443153019313 0.391373598369011
6.5 0.285084720006079 0.516157226153275
6.75 0.349329516347747 0.597328719741526
7 0.47066790220258 0.634787042044292
7.25 0.522187955110083 0.757606777869174
7.5 0.607571396944875 0.869016097599367
7.75 0.730770957747744 0.920955003416478
8 0.681520610411305 0.809833655360132
8.25 0.662790165285472 0.767998868640175
8.5 0.721331458040319 0.725187767129558
8.75 0.825093514804633 0.709431690630325
9 0.711667945112077 0.617694550085584
9.25 0.655524220305242 0.596398484812266
9.5 0.750877192982456 0.595717382951863
9.75 0.713612346523739 0.60300110260859
10 0.623370560563077 0.598551735208837
10.25 0.578292578292578 0.601926132583858
10.5 0.604805940871515 0.59424254039049
10.75 0.711427363674792 0.61561949041312
11 0.74709219858156 0.619856203404097
11.25 0.740655610170091 0.647056938807983
11.5 0.839979808177688 0.686316946122432
11.75 0.947224126113777 0.716944360632164
12 1.04306463326071 0.743574252926113
12.25 1.07845552013909 0.736642633001742
12.5 1.12921184775489 0.739371714829155
12.75 1.10375819954336 0.752006214621248
13 0.961335676625659 0.734679990055314
13.25 0.907791446983011 0.720936750447006
13.5 0.847271901436439 0.738072337034728
13.75 0.932791266276227 0.740253433891578
14 0.913787547885862 0.742520071805285
14.25 0.905252611993703 0.753377055196479
14.5 0.853234539754916 0.769224470269816
14.75 0.828914886766126 0.777068035406775
15 0.895560614684121 0.802229282243151
15.25 0.954944391145223 0.828166747558335
15.5 0.945053385832358 0.88204077837579
15.75 0.973939286348305 0.872557903802942
16 0.986491702045542 0.916459706656993
16.25 0.974849836664442 0.931935305032764
16.5 1.07062038042526 0.983133995668669
16.75 1 1
17 1.04875140291807 1.07313348053979
17.25 0.980035788217957 1.07527665317139
17.5 0.989285588411518 1.01762400912007
17.75 0.966447925486876 0.938993383098568
18 0.907183282542447 0.847723895158842
18.25 0.903836094158675 0.822241591621288
18.5 0.882105263157895 0.744076060571569
18.75 0.809937288953208 0.675415701613825
19 0.740507751067176 0.608862467739711
19.25 0.669630642954856 0.591142726252146
19.5 0.637938896488828 0.549223141846181
19.75 0.633479972215791 0.512429158909098
20 0.633014354066986 0.455682562199913
20.25 0.53755980861244 0.435029182172105
20.5 0.494736842105263 0.410116926981777
20.75 0.463875598086124 0.383884125420614
21 0.480373384394447 0.379502873270087
21.25 0.488271900430828 0.343024244278962
21.5 0.442556247008138 0.316347906521207
21.75 0.36261369076113 0.27581821149713
22 0.344546129112046 0.295922253595115
22.25 0.322038090526837 0.280565026790063
22.5 0.326737571110561 0.252273096281864
22.75 0.276774672273065 0.21687773989284
23 0.260944842938412 0.209956415145737
23.25 0.247835765520653 0.1847453010079
23.5 0.221122928518427 0.169776627621901
23.75 0.200743494423792 0.13390152558242
24 0.157308929013109 0.113851811495505
