0.125 0.012153 0.008536 0.007887 83 179 20 -1.828810 -2.288376 -2.341945 1.134040 0.652304 0.883507
0.375 0.012145 0.007439 0.007675 81 180 21 -1.829526 -2.426017 -2.369210 1.160117 0.672284 1.170528
0.625 0.010771 0.006160 0.005541 68 180 20 -1.949565 -2.614585 -2.695030 1.216872 0.693503 0.970880
0.875 0.009072 0.005522 0.004297 68 180 20 -2.121217 -2.723955 -2.949317 1.205358 0.718638 1.054689
1.125 0.008828 0.005313 0.005033 66 179 21 -2.148477 -2.762518 -2.791163 1.045740 0.737651 1.352515
1.375 0.007890 0.004820 0.002912 66 180 20 -2.260809 -2.860021 -3.338447 1.140367 0.755975 1.169418
1.625 0.008233 0.004237 0.003300 62 178 21 -2.218274 -2.988884 -3.213361 1.136411 0.798852 1.161626
1.875 0.007543 0.003732 0.002425 57 179 19 -2.305806 -3.115721 -3.521300 1.264048 0.830243 1.092682
2.125 0.009194 0.003969 0.002887 56 177 20 -2.107853 -3.054112 -3.347025 1.203826 0.764841 0.981382
2.375 0.005434 0.003314 0.002437 62 177 20 -2.633691 -3.234515 -3.516481 1.099978 0.841252 1.212708
2.625 0.007163 0.002997 0.002075 50 178 20 -2.357423 -3.335140 -3.677068 1.087513 0.799212 1.093888
2.875 0.005912 0.002718 0.002024 52 178 19 -2.549483 -3.432788 -3.701930 1.321368 0.779332 0.990696
3.125 0.005138 0.002421 0.001725 41 179 20 -2.689725 -3.548375 -3.861932 1.266149 0.783084 1.024424
3.375 0.006205 0.002385 0.001744 45 179 20 -2.500991 -3.563598 -3.851240 1.193297 0.837224 1.096936
3.625 0.005510 0.002448 0.002730 35 180 20 -2.619896 -3.537325 -3.403049 1.424162 0.738703 1.301933
3.875 0.003988 0.002291 0.002337 47 177 19 -2.943096 -3.603803 -3.558302 1.149841 0.795145 0.984064
4.125 0.006119 0.002380 0.002136 47 177 19 -2.514944 -3.565468 -3.648316 1.333934 0.805492 1.197604
4.375 0.004885 0.002916 0.003288 44 180 21 -2.740294 -3.362369 -3.216962 1.309533 0.805580 1.439050
4.625 0.004991 0.004115 0.002916 61 179 20 -2.718712 -3.018171 -3.337153 1.074469 0.697566 0.876148
4.875 0.006605 0.005220 0.004053 65 179 20 -2.438512 -2.780183 -3.007697 1.008618 0.675672 0.822371
5.125 0.007176 0.007162 0.006140 79 207 20 -2.355693 -2.463930 -2.592473 1.115324 0.725286 0.673495
5.375 0.009963 0.009762 0.008748 89 208 21 -2.027563 -2.154229 -2.238434 1.155516 0.714796 0.701364
5.625 0.012680 0.016152 0.012136 108 238 20 -1.786367 -1.650628 -1.911057 1.185199 0.667618 0.635301
5.875 0.018347 0.020186 0.014857 128 262 21 -1.416918 -1.427738 -1.708731 1.117275 0.607218 0.647501
6.125 0.015588 0.023257 0.024596 1508 5492 507 -1.579902 -1.286107 -1.204649 1.307304 0.541575 1.066453
6.375 0.019461 0.031050 0.030049 1639 5527 589 -1.358019 -0.997115 -1.004388 1.206274 0.506877 1.010676
6.625 0.026500 0.040698 0.033026 1973 6510 659 -1.049250 -0.726513 -0.909919 1.099539 0.474135 0.937046
6.875 0.032159 0.048105 0.040591 2087 6614 706 -0.855702 -0.559320 -0.703673 1.086186 0.422492 0.925125
7.125 0.042617 0.051523 0.048128 7650 19408 1842 -0.574167 -0.490680 -0.533366 0.964512 0.413656 0.868502
7.375 0.049894 0.062084 0.054742 7896 19528 1955 -0.416511 -0.304218 -0.404589 0.927025 0.370142 0.838583
7.625 0.056747 0.071519 0.064013 8869 20529 2056 -0.287806 -0.162736 -0.248139 0.890363 0.326318 0.802315
7.875 0.064805 0.077602 0.071891 9613 20578 2322 -0.155020 -0.081110 -0.132071 0.751929 0.298665 0.635019
8.125 0.062135 0.071804 0.067584 8744 20447 1991 -0.197106 -0.158770 -0.193857 0.871018 0.322926 0.790609
8.375 0.062164 0.069273 0.070696 8690 20333 2010 -0.196630 -0.194644 -0.148837 0.871300 0.335921 0.815892
8.625 0.061911 0.066163 0.072246 7913 19234 1970 -0.200706 -0.240580 -0.127149 0.873828 0.350238 0.802122
8.875 0.061569 0.064634 0.075029 7818 19106 1982 -0.206249 -0.263962 -0.089354 0.879651 0.351528 0.827691
9.125 0.057747 0.055136 0.076989 2122 6483 216 -0.270341 -0.422905 -0.063560 0.931324 0.435546 0.809404
9.375 0.057265 0.053184 0.070994 2135 6436 212 -0.278718 -0.458946 -0.144632 0.928495 0.367381 0.767903
9.625 0.055472 0.051094 0.069947 1752 5246 160 -0.310539 -0.499035 -0.159491 0.916063 0.434971 0.757846
9.875 0.054679 0.052149 0.065920 1733 5205 154 -0.324938 -0.478603 -0.218787 0.885145 0.365275 0.793805
10.125 0.050583 0.049083 0.057524 1131 4120 105 -0.402795 -0.539185 -0.355026 0.934590 0.398294 0.814412
10.375 0.052206 0.049301 0.054919 1148 4120 102 -0.371214 -0.534755 -0.401371 0.917481 0.370351 0.814154
10.625 0.052010 0.049400 0.057784 1221 4498 108 -0.374968 -0.532763 -0.350518 0.891856 0.344613 0.858801
10.875 0.052783 0.051077 0.056644 1218 4513 103 -0.360220 -0.499365 -0.370444 0.914975 0.358026 0.724687
11.125 0.049166 0.052229 0.046655 2582 6554 905 -0.431211 -0.477066 -0.564436 0.854809 0.327487 0.846051
11.375 0.052075 0.053989 0.048061 2598 6588 887 -0.373721 -0.443917 -0.534752 0.872194 0.323800 0.861569
11.625 0.057367 0.056308 0.052001 3061 7064 894 -0.276933 -0.401870 -0.455954 0.855560 0.325907 0.856189
11.875 0.060550 0.058512 0.054028 3073 7075 932 -0.222933 -0.363474 -0.417713 0.853422 0.336313 0.847761
12.125 0.067454 0.060259 0.053656 4392 8752 901 -0.114959 -0.334047 -0.424628 0.835775 0.325913 0.872583
12.375 0.067724 0.059737 0.052118 4398 8749 931 -0.110964 -0.342754 -0.453713 0.848232 0.317771 0.802654
12.625 0.070005 0.060042 0.055703 4366 8722 933 -0.077844 -0.337651 -0.387191 0.855673 0.308317 0.758445
12.875 0.068810 0.060694 0.056292 4393 8721 942 -0.095060 -0.326854 -0.376674 0.835111 0.306680 0.811087
13.125 0.068694 0.059637 0.063184 2069 5713 111 -0.096746 -0.344429 -0.261170 0.874520 0.377792 0.694130
13.375 0.066217 0.058742 0.058789 2055 5697 108 -0.133473 -0.359552 -0.333268 0.892809 0.328354 0.832396
13.625 0.069005 0.060010 0.066148 1553 4754 114 -0.092225 -0.338193 -0.215329 0.880511 0.406552 0.740838
13.875 0.066524 0.060954 0.068112 1548 4724 115 -0.128840 -0.322589 -0.186073 0.937646 0.342906 0.665891
14.125 0.063640 0.061063 0.061269 1264 4217 113 -0.173174 -0.320794 -0.291947 0.891936 0.334973 0.617477
14.375 0.064567 0.062279 0.058616 1270 4238 113 -0.158713 -0.301074 -0.336214 0.948981 0.334715 0.731230
14.625 0.066270 0.065127 0.060666 1359 4690 119 -0.132668 -0.256371 -0.301836 0.894804 0.317798 0.786938
14.875 0.067834 0.065522 0.064408 1370 4744 123 -0.109349 -0.250313 -0.241987 0.888105 0.316227 0.761463
15.125 0.073979 0.068375 0.066155 2869 8078 182 -0.022629 -0.207694 -0.215220 0.866359 0.296639 0.790286
15.375 0.077648 0.070271 0.069770 2869 8095 178 0.025771 -0.180349 -0.162017 0.872188 0.289090 0.789603
15.625 0.074983 0.075039 0.064937 4027 9812 937 -0.009149 -0.114691 -0.233802 0.834993 0.236045 0.744969
15.875 0.075991 0.075075 0.069766 4048 9812 942 0.004202 -0.114209 -0.162078 0.798611 0.247219 0.725595
16.125 0.077160 0.078597 0.073360 8724 20249 2293 0.019476 -0.068371 -0.111849 0.756259 0.199291 0.735083
16.375 0.073951 0.078874 0.075202 8847 20360 2356 -0.023013 -0.064847 -0.087040 0.738248 0.186083 0.729674
16.625 0.077832 0.083121 0.079672 9827 21675 2449 0.028142 -0.012410 -0.029307 0.707513 0.161488 0.686903
16.875 0.075672 0.084159 0.082041 10712 21731 2700 0.000000 0.000000 0.000000 0.000000 0.000000 0.000000
17.125 0.079497 0.089338 0.086853 9796 21557 2365 0.049316 0.059719 0.056993 0.714218 0.178297 0.700690
17.375 0.075620 0.088976 0.090099 9747 21453 2405 -0.000694 0.055665 0.093691 0.731506 0.182761 0.715134
17.625 0.074054 0.084609 0.089236 8773 20240 2378 -0.021612 0.005340 0.084060 0.755225 0.203579 0.720613
17.875 0.071237 0.078538 0.087563 8613 20059 2329 -0.060401 -0.069127 0.065132 0.786332 0.238395 0.747984
18.125 0.068656 0.073880 0.076200 2241 4844 904 -0.097297 -0.130261 -0.073862 0.730626 0.375774 0.718389
18.375 0.064123 0.070051 0.071030 2188 4836 887 -0.165605 -0.183484 -0.144116 0.757248 0.274797 0.744478
18.625 0.066920 0.063177 0.077153 769 2553 143 -0.122911 -0.286760 -0.061431 0.912041 0.324298 0.750910
18.875 0.061206 0.057957 0.069642 748 2522 142 -0.212156 -0.373002 -0.163856 0.907529 0.350806 0.752456
19.125 0.058987 0.051579 0.070953 284 509 24 -0.249088 -0.489590 -0.145208 0.808590 0.528267 0.614627
19.375 0.048907 0.051239 0.059156 276 494 24 -0.436492 -0.496206 -0.327052 0.826079 0.380267 0.564585
19.625 0.044923 0.047131 0.047864 278 490 21 -0.521459 -0.579771 -0.538851 0.860057 0.344709 0.469607
19.875 0.044691 0.043981 0.043626 270 488 22 -0.526634 -0.648937 -0.631569 0.833484 0.356060 0.622747
20.125 0.044288 0.040038 0.041243 219 352 22 -0.535693 -0.742880 -0.687750 0.845225 0.461960 0.650601
20.375 0.038178 0.038986 0.036201 216 350 23 -0.684160 -0.769504 -0.818129 0.896167 0.407806 0.626407
20.625 0.033752 0.036757 0.032513 212 340 23 -0.807368 -0.828373 -0.925579 0.825201 0.401426 0.668130
20.875 0.033857 0.034427 0.025853 201 340 21 -0.804251 -0.893861 -1.154777 0.907469 0.409061 0.520378
21.125 0.031981 0.033867 0.026071 190 330 22 -0.861281 -0.910256 -1.146390 0.888938 0.445118 0.734830
21.375 0.028132 0.031566 0.020961 193 330 20 -0.989507 -0.980637 -1.364538 1.009832 0.456617 0.589887
21.625 0.026219 0.029984 0.021355 188 330 21 -1.059915 -1.032023 -1.345928 0.856823 0.499389 0.679614
21.875 0.023946 0.026921 0.020826 185 329 21 -1.150610 -1.139779 -1.371000 0.958071 0.531967 0.633485
22.125 0.026254 0.023925 0.025493 109 174 23 -1.058593 -1.257778 -1.168815 0.886320 0.534214 0.999367
22.375 0.025450 0.022037 0.020268 97 170 21 -1.089700 -1.339995 -1.398186 0.979390 0.442381 0.649059
22.625 0.023173 0.019735 0.021923 105 170 23 -1.183404 -1.450332 -1.319668 1.030965 0.470840 0.891197
22.875 0.019909 0.016843 0.015185 96 170 20 -1.335249 -1.608791 -1.686902 1.088778 0.492151 0.749061
23.125 0.017618 0.015742 0.013231 99 161 20 -1.457460 -1.676399 -1.824693 0.954199 0.462150 0.738352
23.375 0.017520 0.013530 0.013680 97 160 21 -1.463070 -1.827787 -1.791313 1.080913 0.480855 0.934824
23.625 0.018283 0.012409 0.010234 81 161 20 -1.420438 -1.914307 -2.081543 1.162099 0.526551 0.864456
23.875 0.015259 0.009833 0.010365 83 159 21 -1.601240 -2.146957 -2.068781 1.141649 0.507710 0.960746
